 3898699492
  928945365
  437158239
 2213211300
 3741938713
  853282187
 2273112291
 2216841802
 3708930379
 3654561790
 1846998359
 1457144531
 1915107332
 2368730253
 2429843107
 3073972725
 1038320496
 1350032339
 1712184602
  973003526
 1644786190
 3743023374
 1268959698
 3807113210
  558401564
  688719974
  329127160
  537919675
  426046498
 3628198253
 3731108903
 2827745967
 1591685229
 3877404275
 2638599052
 3349084210
  140560047
 4192008776
 3450103759
 2885376132
 1419101569
  575330565
  798748603
 3979593832
 2124213424
  711238185
  782088375
 2400824621
 2182890247
 1904979041
 3462718045
 3348473899
 1919288277
 4255270650
 3096982652
 2727567211
 3533879011
 1826303583
 2479754010
  531214960
  386579760
 1911842548
 2491096456
 3063689360
 4254659260
  382968537
 1788239178
 4274182148
 3315213574
 2942562752
 2872192689
 1909680691
  339732579
  421214865
 4134397297
 2836639517
 2091055233
 1893992319
  787345990
 1672390912
 1238110778
 3444982093
 1951631732
 2197310572
 1543875682
 4115584058
 4042918596
 1498989332
  607918293
 2315814143
 3416783209
 1796028097
  961537742
 4030239971
 3120720134
 2313005592
  410302403
 1932001876
 3902076681
 2052228674
 1047727988
 3845977931
  404140183
 2370136340
 1270922785
  586505263
  967363406
  999501247
  667959382
 1978501054
  318659309
 3451841764
 2295097930
 4012208605
 2710888688
  931611610
 2947138917
 2373721175
 3426012826
 1185605278
 2212949139
  499645867
  964345497
 3735766672
 3904385964
 2354222641
 3645435340
 1038923559
  603988362
 1998105528
 1822964845
  897558358
 1605916401
 1704819513
 2484071947
  964958103
  339537285
 4027726690
  218313742
 1135076618
 3247252851
 2615556113
 1473852445
 2763037351
 2492862533
 1910009785
 3918245100
 3940170484
 4205775976
  518974297
